mse: 1.9958348
mae: 1.0963414
rmse: 1.4127402
mape: 4.505905
mspe: 580.1676
