mae_sc:1.0963414
mse_sc:1.9958348
rmse_sc:1.4127402
mape_sc:4.505905
mspe_sc:580.1676
:


mae_un:3.2724158078061727
mse_un:17.78155499654121
rmse_un:4.21681811281222
mape_un:17496.8134744227
mspe_un:745477393061.642
