mse: 2.1243515
mae: 1.1370941
rmse: 1.4575155
mape: 4.5909653
mspe: 587.7829
