mae_sc:1.1370941
mse_sc:2.1243515
rmse_sc:1.4575155
mape_sc:4.5909653
mspe_sc:587.7829
:


mae_un:3.3940610184247584
mse_un:18.926548671638354
rmse_un:4.350465339666362
mape_un:19486.508298000062
mspe_un:909838087190.7845
