mse: 1.322001
mae: 0.8625631
rmse: 1.149783
mape: 3.8030293
mspe: 440.00452
