mae_sc:0.8625631
mse_sc:1.322001
rmse_sc:1.149783
mape_sc:3.8030293
mspe_sc:440.00452
:


mae_un:2.5746222476321776
mse_un:11.778144845737435
rmse_un:3.4319301924336156
mape_un:12852.175579269731
mspe_un:414352924819.84845
